Frecuencias: 
[00000] = 211
[00001] = 203
[00010] = 211
[00011] = 196
[00100] = 193
[00101] = 223
[00110] = 201
[00111] = 193
[01000] = 215
[01001] = 192
[01010] = 180
[01011] = 175
[01100] = 176
[01101] = 225
[01110] = 203
[01111] = 195
[10000] = 183
[10001] = 215
[10010] = 206
[10011] = 200
[10100] = 217
[10101] = 190
[10110] = 173
[10111] = 171
[11000] = 209
[11001] = 194
[11010] = 188
[11011] = 189
[11100] = 183
[11101] = 190
[11110] = 185
[11111] = 215
total = 6300

Probabilidades: 
P(00000) = 0.03349206349206349
P(00001) = 0.03222222222222222
P(00010) = 0.03349206349206349
P(00011) = 0.03111111111111111
P(00100) = 0.030634920634920636
P(00101) = 0.0353968253968254
P(00110) = 0.03190476190476191
P(00111) = 0.030634920634920636
P(01000) = 0.034126984126984124
P(01001) = 0.030476190476190476
P(01010) = 0.02857142857142857
P(01011) = 0.027777777777777776
P(01100) = 0.027936507936507936
P(01101) = 0.03571428571428571
P(01110) = 0.03222222222222222
P(01111) = 0.030952380952380953
P(10000) = 0.029047619047619048
P(10001) = 0.034126984126984124
P(10010) = 0.0326984126984127
P(10011) = 0.031746031746031744
P(10100) = 0.034444444444444444
P(10101) = 0.03015873015873016
P(10110) = 0.02746031746031746
P(10111) = 0.027142857142857142
P(11000) = 0.033174603174603176
P(11001) = 0.030793650793650793
P(11010) = 0.029841269841269842
P(11011) = 0.03
P(11100) = 0.029047619047619048
P(11101) = 0.03015873015873016
P(11110) = 0.029365079365079365
P(11111) = 0.034126984126984124
suma = 1.0

Cantidad de info: 
I(00000) = 4.900036924567456
I(00001) = 4.9558001960894655
I(00010) = 4.900036924567456
I(00011) = 5.006426269159433
I(00100) = 5.0286790760065605
I(00101) = 4.820236213354336
I(00110) = 4.970084422095713
I(00111) = 5.0286790760065605
I(01000) = 4.8729432636851815
I(01001) = 5.036173612553485
I(01010) = 5.129283016944966
I(01011) = 5.169925001442312
I(01100) = 5.161704494637344
I(01101) = 4.807354922057604
I(01110) = 4.9558001960894655
I(01111) = 5.013805799525031
I(10000) = 5.105436274990598
I(10001) = 4.8729432636851815
I(10010) = 4.9346355860914235
I(10011) = 4.977279923499917
I(10100) = 4.8595848808301625
I(10101) = 5.051280504943693
I(10110) = 5.1865078856379165
I(10111) = 5.203283598388744
I(11000) = 4.913776981193759
I(11001) = 5.021223271087514
I(11010) = 5.0665472615970035
I(11011) = 5.058893689053569
I(11100) = 5.105436274990598
I(11101) = 5.051280504943693
I(11110) = 5.089754652758329
I(11111) = 4.8729432636851815

Entropia:
H(S) = 4.996012045108118
